Compas:
    nDCG:
        Multiple Comparison of Means - Tukey HSD, FWER=0.05 
        ====================================================
        group1 group2 meandiff p-adj   lower   upper  reject
        ----------------------------------------------------
        [1; 1] [1; 2]   -0.066 0.0001 -0.1081  -0.024   True
        [1; 1] [1; 3]  -0.1285    0.0 -0.1706 -0.0865   True
        [1; 1] [1; 4]  -0.2105    0.0 -0.2526 -0.1684   True
        [1; 1] [1; 5]  -0.1685    0.0 -0.2105 -0.1264   True

        [1; 2] [1; 3]  -0.0625 0.0002 -0.1046 -0.0204   True
        [1; 2] [1; 4]  -0.1445    0.0 -0.1865 -0.1024   True
        [1; 2] [1; 5]  -0.1024    0.0 -0.1445 -0.0603   True
        [1; 2] [2; 1]   0.0791    0.0   0.037  0.1212   True
        [1; 2] [3; 1]     0.09    0.0  0.0479   0.132   True
        [1; 2] [4; 1]   0.0795    0.0  0.0375  0.1216   True
        [1; 2] [5; 1]   0.0703    0.0  0.0282  0.1123   True

        [1; 3] [1; 4]   -0.082    0.0  -0.124 -0.0399   True
        [1; 3] [1; 5]  -0.0399 0.0783  -0.082  0.0022  False  54.01
        [1; 3] [2; 1]   0.1416    0.0  0.0995  0.1837   True
        [1; 3] [3; 1]   0.1525    0.0  0.1104  0.1945   True
        [1; 3] [4; 1]    0.142    0.0     0.1  0.1841   True
        [1; 3] [5; 1]   0.1328    0.0  0.0907  0.1748   True

        [1; 4] [1; 5]   0.0421 0.0502    -0.0  0.0841  False  65.26
        [1; 4] [2; 1]   0.2236    0.0  0.1815  0.2656   True
        [1; 4] [3; 1]   0.2344    0.0  0.1923  0.2765   True
        [1; 4] [4; 1]    0.224    0.0  0.1819  0.2661   True
        [1; 4] [5; 1]   0.2147    0.0  0.1727  0.2568   True

        [1; 5] [2; 1]   0.1815    0.0  0.1394  0.2236   True
        [1; 5] [3; 1]   0.1924    0.0  0.1503  0.2344   True
        [1; 5] [4; 1]    0.182    0.0  0.1399   0.224   True
        [1; 5] [5; 1]   0.1727    0.0  0.1306  0.2147   True
        ----------------------------------------------------

    rND:
        Multiple Comparison of Means - Tukey HSD, FWER=0.05 
        ====================================================
        group1 group2 meandiff p-adj   lower   upper  reject
        ----------------------------------------------------
        [1; 1] [1; 2]  -0.0456 0.0005  -0.078 -0.0133   True
        [1; 1] [1; 3]  -0.0857    0.0  -0.118 -0.0534   True
        [1; 1] [1; 4]  -0.1386    0.0 -0.1709 -0.1063   True
        [1; 1] [1; 5]  -0.1333    0.0 -0.1656 -0.1009   True

        [1; 2] [1; 3]  -0.0401 0.0042 -0.0724 -0.0077   True
        [1; 2] [1; 4]   -0.093    0.0 -0.1253 -0.0606   True
        [1; 2] [1; 5]  -0.0876    0.0   -0.12 -0.0553   True
        [1; 2] [2; 1]   0.0594    0.0  0.0271  0.0917   True
        [1; 2] [3; 1]   0.0711    0.0  0.0388  0.1034   True
        [1; 2] [4; 1]   0.0612    0.0  0.0289  0.0936   True
        [1; 2] [5; 1]   0.0708    0.0  0.0385  0.1031   True

        [1; 3] [1; 4]  -0.0529    0.0 -0.0852 -0.0206   True
        [1; 3] [1; 5]  -0.0475 0.0002 -0.0799 -0.0152   True
        [1; 3] [2; 1]   0.0995    0.0  0.0672  0.1318   True
        [1; 3] [3; 1]   0.1112    0.0  0.0788  0.1435   True
        [1; 3] [4; 1]   0.1013    0.0   0.069  0.1337   True
        [1; 3] [5; 1]   0.1109    0.0  0.0786  0.1432   True

        [1; 4] [1; 5]   0.0054 0.9999  -0.027  0.0377  False
        [1; 4] [2; 1]   0.1524    0.0    0.12  0.1847   True
        [1; 4] [3; 1]   0.1641    0.0  0.1317  0.1964   True
        [1; 4] [4; 1]   0.1542    0.0  0.1219  0.1865   True
        [1; 4] [5; 1]   0.1638    0.0  0.1314  0.1961   True

        [1; 5] [2; 1]    0.147    0.0  0.1147  0.1794   True
        [1; 5] [3; 1]   0.1587    0.0  0.1264   0.191   True
        [1; 5] [4; 1]   0.1489    0.0  0.1165  0.1812   True
        [1; 5] [5; 1]   0.1584    0.0  0.1261  0.1908   True

        [2; 1] [3; 1]   0.0117 0.9692 -0.0206   0.044  False
        [2; 1] [4; 1]   0.0018    1.0 -0.0305  0.0342  False
        [2; 1] [5; 1]   0.0114 0.9733 -0.0209  0.0437  False
        [3; 1] [4; 1]  -0.0098 0.9896 -0.0422  0.0225  False
        [3; 1] [5; 1]  -0.0003    1.0 -0.0326  0.0321  False
        [4; 1] [5; 1]   0.0096 0.9914 -0.0228  0.0419  False
        ----------------------------------------------------

    GPA:
        Multiple Comparison of Means - Tukey HSD, FWER=0.05 
        ====================================================
        group1 group2 meandiff p-adj   lower   upper  reject
        ----------------------------------------------------
        [1; 1] [1; 2]  -0.0097 0.9555 -0.0351  0.0156  False
        [1; 1] [1; 3]  -0.0193 0.3016 -0.0446  0.0061  False
        [1; 1] [1; 4]  -0.0614    0.0 -0.0868  -0.036   True
        [1; 1] [1; 5]  -0.0568    0.0 -0.0822 -0.0315   True
        [1; 1] [2; 1]   0.0029    1.0 -0.0225  0.0283  False
        [1; 1] [3; 1]   0.0106 0.9269 -0.0147   0.036  False
        [1; 1] [4; 1]    0.008 0.9872 -0.0174  0.0333  False
        [1; 1] [5; 1]   0.0082 0.9846 -0.0172  0.0336  False

        [1; 2] [1; 3]  -0.0095 0.9613 -0.0349  0.0158  False
        [1; 2] [1; 4]  -0.0517    0.0  -0.077 -0.0263   True
        [1; 2] [1; 5]  -0.0471    0.0 -0.0724 -0.0217   True
        [1; 2] [2; 1]   0.0127 0.8247 -0.0127   0.038  False
        [1; 2] [3; 1]   0.0204 0.2298  -0.005  0.0458  False
        [1; 2] [4; 1]   0.0177 0.4189 -0.0077  0.0431  False
        [1; 2] [5; 1]   0.0179 0.4006 -0.0074  0.0433  False

        [1; 3] [1; 4]  -0.0421    0.0 -0.0675 -0.0168   True
        [1; 3] [1; 5]  -0.0376 0.0002 -0.0629 -0.0122   True
        [1; 3] [2; 1]   0.0222 0.1407 -0.0032  0.0475  False
        [1; 3] [3; 1]   0.0299 0.0083  0.0045  0.0553   True
        [1; 3] [4; 1]   0.0272 0.0249  0.0019  0.0526   True
        [1; 3] [5; 1]   0.0275 0.0228  0.0021  0.0528   True

        [1; 4] [1; 5]   0.0046 0.9997 -0.0208  0.0299  False
        [1; 4] [2; 1]   0.0643    0.0  0.0389  0.0897   True
        [1; 4] [3; 1]    0.072    0.0  0.0467  0.0974   True
        [1; 4] [4; 1]   0.0694    0.0   0.044  0.0947   True
        [1; 4] [5; 1]   0.0696    0.0  0.0442   0.095   True

        [1; 5] [2; 1]   0.0597    0.0  0.0344  0.0851   True
        [1; 5] [3; 1]   0.0675    0.0  0.0421  0.0928   True
        [1; 5] [4; 1]   0.0648    0.0  0.0394  0.0902   True
        [1; 5] [5; 1]    0.065    0.0  0.0397  0.0904   True

        [2; 1] [3; 1]   0.0077 0.9895 -0.0176  0.0331  False
        [2; 1] [4; 1]   0.0051 0.9995 -0.0203  0.0304  False
        [2; 1] [5; 1]   0.0053 0.9993 -0.0201  0.0306  False
        [3; 1] [4; 1]  -0.0027    1.0  -0.028  0.0227  False
        [3; 1] [5; 1]  -0.0024    1.0 -0.0278  0.0229  False
        [4; 1] [5; 1]   0.0002    1.0 -0.0251  0.0256  False
        ----------------------------------------------------


Adult:
    nDCG:
        Multiple Comparison of Means - Tukey HSD, FWER=0.05 
        ====================================================
        group1 group2 meandiff p-adj   lower   upper  reject
        ----------------------------------------------------
        [1; 1] [1; 2]  -0.0046  0.945 -0.0161  0.0069  False
        [1; 1] [1; 3]  -0.0115  0.051  -0.023     0.0  False
        [1; 1] [1; 4]  -0.0129 0.0149 -0.0245 -0.0014   True
        [1; 1] [1; 5]  -0.0213    0.0 -0.0328 -0.0098   True
        [1; 1] [2; 1]   0.0006    1.0 -0.0109  0.0121  False
        [1; 1] [3; 1]   0.0033 0.9934 -0.0082  0.0148  False
        [1; 1] [4; 1]   0.0012    1.0 -0.0103  0.0127  False
        [1; 1] [5; 1]  -0.0016    1.0 -0.0131  0.0099  False

        [1; 2] [1; 3]  -0.0069 0.6323 -0.0184  0.0046  False
        [1; 2] [1; 4]  -0.0084 0.3651 -0.0199  0.0032  False
        [1; 2] [1; 5]  -0.0167 0.0003 -0.0282 -0.0052   True
        [1; 2] [2; 1]   0.0052 0.8931 -0.0063  0.0167  False
        [1; 2] [3; 1]   0.0079 0.4514 -0.0037  0.0194  False
        [1; 2] [4; 1]   0.0058 0.8223 -0.0058  0.0173  False
        [1; 2] [5; 1]    0.003 0.9963 -0.0085  0.0145  False

        [1; 3] [1; 4]  -0.0015    1.0  -0.013  0.0101  False
        [1; 3] [1; 5]  -0.0098 0.1632 -0.0214  0.0017  False
        [1; 3] [2; 1]   0.0121 0.0314  0.0006  0.0236   True
        [1; 3] [3; 1]   0.0148 0.0025  0.0032  0.0263   True
        [1; 3] [4; 1]   0.0127 0.0192  0.0011  0.0242   True
        [1; 3] [5; 1]   0.0099 0.1565 -0.0016  0.0214  False

        [1; 4] [1; 5]  -0.0084   0.36 -0.0199  0.0031  False
        [1; 4] [2; 1]   0.0135 0.0086   0.002  0.0251   True
        [1; 4] [3; 1]   0.0162 0.0005  0.0047  0.0277   True
        [1; 4] [4; 1]   0.0141 0.0049  0.0026  0.0256   True
        [1; 4] [5; 1]   0.0114 0.0566 -0.0002  0.0229  False

        [1; 5] [2; 1]   0.0219    0.0  0.0104  0.0334   True
        [1; 5] [3; 1]   0.0246    0.0  0.0131  0.0361   True
        [1; 5] [4; 1]   0.0225    0.0   0.011   0.034   True
        [1; 5] [5; 1]   0.0197    0.0  0.0082  0.0313   True

        [2; 1] [3; 1]   0.0027 0.9984 -0.0088  0.0142  False
        [2; 1] [4; 1]   0.0006    1.0 -0.0109  0.0121  False
        [2; 1] [5; 1]  -0.0022 0.9996 -0.0137  0.0093  False
        [3; 1] [4; 1]  -0.0021 0.9997 -0.0136  0.0094  False
        [3; 1] [5; 1]  -0.0049 0.9248 -0.0164  0.0067  False
        [4; 1] [5; 1]  -0.0028  0.998 -0.0143  0.0088  False
        ----------------------------------------------------

    rND:
        Multiple Comparison of Means - Tukey HSD, FWER=0.05 
        ====================================================
        group1 group2 meandiff p-adj   lower   upper  reject
        ----------------------------------------------------
        [1; 1] [1; 2]  -0.0709    0.0 -0.0848 -0.0569   True
        [1; 1] [1; 3]  -0.1151    0.0  -0.129 -0.1011   True
        [1; 1] [1; 4]  -0.1392    0.0 -0.1531 -0.1252   True
        [1; 1] [1; 5]  -0.1631    0.0  -0.177 -0.1491   True
        [1; 1] [2; 1]   0.0354    0.0  0.0214  0.0493   True
        [1; 1] [3; 1]    0.047    0.0  0.0331   0.061   True
        [1; 1] [4; 1]    0.047    0.0  0.0331   0.061   True
        [1; 1] [5; 1]   0.0498    0.0  0.0358  0.0638   True

        [1; 2] [1; 3]  -0.0442    0.0 -0.0582 -0.0302   True
        [1; 2] [1; 4]  -0.0683    0.0 -0.0823 -0.0543   True
        [1; 2] [1; 5]  -0.0922    0.0 -0.1062 -0.0782   True
        [1; 2] [2; 1]   0.1062    0.0  0.0923  0.1202   True
        [1; 2] [3; 1]   0.1179    0.0  0.1039  0.1319   True
        [1; 2] [4; 1]   0.1179    0.0  0.1039  0.1319   True
        [1; 2] [5; 1]   0.1207    0.0  0.1067  0.1346   True

        [1; 3] [1; 4]  -0.0241    0.0 -0.0381 -0.0101   True
        [1; 3] [1; 5]   -0.048    0.0  -0.062  -0.034   True
        [1; 3] [2; 1]   0.1504    0.0  0.1365  0.1644   True
        [1; 3] [3; 1]   0.1621    0.0  0.1481  0.1761   True
        [1; 3] [4; 1]   0.1621    0.0  0.1481  0.1761   True
        [1; 3] [5; 1]   0.1649    0.0  0.1509  0.1788   True

        [1; 4] [1; 5]  -0.0239    0.0 -0.0379 -0.0099   True
        [1; 4] [2; 1]   0.1745    0.0  0.1606  0.1885   True
        [1; 4] [3; 1]   0.1862    0.0  0.1722  0.2002   True
        [1; 4] [4; 1]   0.1862    0.0  0.1722  0.2002   True
        [1; 4] [5; 1]    0.189    0.0   0.175   0.203   True

        [1; 5] [2; 1]   0.1984    0.0  0.1844  0.2124   True
        [1; 5] [3; 1]   0.2101    0.0  0.1961  0.2241   True
        [1; 5] [4; 1]   0.2101    0.0  0.1961  0.2241   True
        [1; 5] [5; 1]   0.2129    0.0  0.1989  0.2268   True

        [2; 1] [3; 1]   0.0117 0.1877 -0.0023  0.0256  False
        [2; 1] [4; 1]   0.0117 0.1867 -0.0023  0.0256  False
        [2; 1] [5; 1]   0.0144 0.0368  0.0005  0.0284   True
        [3; 1] [4; 1]      0.0    1.0  -0.014   0.014  False
        [3; 1] [5; 1]   0.0028 0.9995 -0.0112  0.0168  False
        [4; 1] [5; 1]   0.0028 0.9995 -0.0112  0.0167  False
        ----------------------------------------------------

    GPA:    
        Multiple Comparison of Means - Tukey HSD, FWER=0.05 
        ====================================================
        group1 group2 meandiff p-adj   lower   upper  reject
        ----------------------------------------------------
        [1; 1] [1; 2]  -0.0521    0.0 -0.0654 -0.0388   True
        [1; 1] [1; 3]  -0.0276    0.0 -0.0409 -0.0143   True
        [1; 1] [1; 4]  -0.0112 0.1757 -0.0245  0.0021  False
        [1; 1] [1; 5]   0.0134 0.0471  0.0001  0.0267   True
        [1; 1] [2; 1]   0.0344    0.0  0.0211  0.0477   True
        [1; 1] [3; 1]   0.0435    0.0  0.0302  0.0568   True
        [1; 1] [4; 1]   0.0445    0.0  0.0312  0.0578   True
        [1; 1] [5; 1]   0.0482    0.0  0.0349  0.0615   True

        [1; 2] [1; 3]   0.0245    0.0  0.0112  0.0378   True
        [1; 2] [1; 4]   0.0409    0.0  0.0276  0.0542   True
        [1; 2] [1; 5]   0.0655    0.0  0.0522  0.0788   True
        [1; 2] [2; 1]   0.0865    0.0  0.0732  0.0998   True
        [1; 2] [3; 1]   0.0955    0.0  0.0822  0.1088   True
        [1; 2] [4; 1]   0.0966    0.0  0.0833  0.1099   True
        [1; 2] [5; 1]   0.1003    0.0   0.087  0.1136   True

        [1; 3] [1; 4]   0.0164 0.0045  0.0031  0.0297   True
        [1; 3] [1; 5]    0.041    0.0  0.0277  0.0543   True
        [1; 3] [2; 1]   0.0621    0.0  0.0488  0.0754   True
        [1; 3] [3; 1]   0.0711    0.0  0.0578  0.0844   True
        [1; 3] [4; 1]   0.0721    0.0  0.0588  0.0854   True
        [1; 3] [5; 1]   0.0758    0.0  0.0625  0.0891   True

        [1; 4] [1; 5]   0.0246    0.0  0.0113  0.0379   True
        [1; 4] [2; 1]   0.0457    0.0  0.0324   0.059   True
        [1; 4] [3; 1]   0.0547    0.0  0.0414   0.068   True
        [1; 4] [4; 1]   0.0557    0.0  0.0424   0.069   True
        [1; 4] [5; 1]   0.0594    0.0  0.0461  0.0727   True

        [1; 5] [2; 1]    0.021    0.0  0.0077  0.0343   True
        [1; 5] [3; 1]   0.0301    0.0  0.0168  0.0434   True
        [1; 5] [4; 1]   0.0311    0.0  0.0178  0.0444   True
        [1; 5] [5; 1]   0.0348    0.0  0.0215  0.0481   True

        [2; 1] [3; 1]    0.009 0.4581 -0.0043  0.0223  False
        [2; 1] [4; 1]   0.0101 0.3038 -0.0032  0.0234  False
        [2; 1] [5; 1]   0.0138 0.0355  0.0005  0.0271   True
        [3; 1] [4; 1]    0.001    1.0 -0.0123  0.0143  False
        [3; 1] [5; 1]   0.0048 0.9711 -0.0085  0.0181  False
        [4; 1] [5; 1]   0.0037 0.9942 -0.0096   0.017  False
        ----------------------------------------------------
