[1; 1],0.5026645064353943
[2; 1],0.47646641731262207
[3; 1],0.4827337861061096
[4; 1],0.4969935119152069
[5; 1],0.49302467703819275
[6; 1],0.48995673656463623
[7; 1],0.5122624039649963
[1; 2],0.49285364151000977
[2; 2],0.5004293322563171
[3; 2],0.46845608949661255
[4; 2],0.47937583923339844
[5; 2],0.4981142282485962
[6; 2],0.4772781729698181
[7; 2],0.5044020414352417
[1; 3],0.4733465313911438
[2; 3],0.46753016114234924
[3; 3],0.5059365630149841
[4; 3],0.45688292384147644
[5; 3],0.4682522714138031
[6; 3],0.46542155742645264
[7; 3],0.46776750683784485
[1; 4],0.4850952923297882
[2; 4],0.5202141404151917
[3; 4],0.4685850739479065
[4; 4],0.5112103223800659
[5; 4],0.46571874618530273
[6; 4],0.4767813980579376
[7; 4],0.4688595235347748
[1; 5],0.48373815417289734
[2; 5],0.4836425483226776
[3; 5],0.48795440793037415
[4; 5],0.46174606680870056
[5; 5],0.45894762873649597
[6; 5],0.48021838068962097
[7; 5],0.47540155053138733
[1; 6],0.5355821847915649
[2; 6],0.4815331697463989
[3; 6],0.5113921761512756
[4; 6],0.5087686777114868
[5; 6],0.4641076326370239
[6; 6],0.46988117694854736
[7; 6],0.4844951927661896
[1; 7],0.5031487941741943
[2; 7],0.48635682463645935
[3; 7],0.4673497974872589
[4; 7],0.4969205856323242
[5; 7],0.4679558575153351
[6; 7],0.5297640562057495
[7; 7],0.5060749650001526
